# Instância gerada automaticamente
# N_Clientes = 100
# N_Facilidades = 10
# P (máximo de facilidades a abrir) = 5
# SEED usada = 12345
# Demanda total = 495
# Capacidade total instalada = 1121

## Coordenadas dos Clientes (id x y)
1 98 29
2 1 36
3 41 34
4 29 1
5 59 14
6 91 80
7 73 11
8 77 10
9 81 82
10 38 7
11 43 23
12 29 56
13 55 31
14 61 97
15 91 87
16 36 64
17 3 5
18 15 75
19 14 81
20 5 34
21 53 72
22 5 98
23 5 59
24 83 12
25 14 80
26 27 38
27 88 96
28 5 74
29 76 22
30 12 62
31 41 18
32 50 82
33 57 46
34 58 23
35 21 7
36 81 63
37 0 90
38 44 57
39 14 26
40 43 30
41 99 32
42 3 64
43 6 66
44 49 37
45 72 43
46 62 86
47 21 65
48 96 5
49 62 84
50 71 69
51 45 18
52 72 75
53 18 5
54 60 37
55 9 65
56 46 25
57 43 64
58 77 8
59 8 18
60 15 90
61 32 96
62 86 69
63 83 79
64 98 28
65 7 4
66 39 3
67 86 32
68 13 84
69 65 25
70 44 5
71 2 83
72 88 48
73 41 35
74 5 51
75 24 78
76 83 61
77 42 24
78 94 12
79 11 55
80 100 89
81 25 96
82 97 92
83 62 70
84 59 96
85 77 37
86 23 12
87 82 53
88 93 1
89 25 64
90 59 26
91 56 12
92 90 23
93 60 95
94 77 69
95 48 64
96 74 31
97 66 42
98 62 19
99 49 51
100 60 15

## Demandas dos Clientes (id demanda)
1 1
2 1
3 9
4 4
5 8
6 10
7 6
8 3
9 9
10 6
11 1
12 5
13 7
14 9
15 7
16 2
17 2
18 2
19 1
20 9
21 2
22 3
23 1
24 1
25 6
26 2
27 6
28 3
29 3
30 9
31 2
32 5
33 6
34 9
35 6
36 3
37 8
38 3
39 10
40 4
41 2
42 9
43 9
44 1
45 1
46 10
47 7
48 3
49 8
50 3
51 8
52 2
53 10
54 8
55 7
56 5
57 4
58 4
59 3
60 2
61 4
62 6
63 10
64 1
65 1
66 4
67 1
68 1
69 1
70 7
71 2
72 5
73 2
74 7
75 1
76 6
77 2
78 7
79 6
80 5
81 4
82 10
83 8
84 6
85 5
86 9
87 3
88 8
89 4
90 4
91 6
92 6
93 9
94 4
95 1
96 8
97 9
98 10
99 1
100 1

## Coordenadas das Facilidades (id x y)
1 98 17
2 12 14
3 0 27
4 39 3
5 17 89
6 46 44
7 74 34
8 80 76
9 78 22
10 9 28

## Capacidades das Facilidades (id capacidade)
1 108
2 110
3 115
4 108
5 117
6 117
7 110
8 109
9 117
10 110

## Custos Fixos de Instalação (id custo)
1 123
2 121
3 135
4 122
5 133
6 130
7 127
8 121
9 130
10 125

## Matriz de Distâncias Euclideanas arredondadas (cliente facilidade distancia)
1 1 12
1 2 87
1 3 98
1 4 64
1 5 101
1 6 54
1 7 25
1 8 50
1 9 21
1 10 89
2 1 99
2 2 25
2 3 9
2 4 50
2 5 55
2 6 46
2 7 73
2 8 89
2 9 78
2 10 11
3 1 59
3 2 35
3 3 42
3 4 31
3 5 60
3 6 11
3 7 33
3 8 57
3 9 39
3 10 33
4 1 71
4 2 21
4 3 39
4 4 10
4 5 89
4 6 46
4 7 56
4 8 91
4 9 53
4 10 34
5 1 39
5 2 47
5 3 60
5 4 23
5 5 86
5 6 33
5 7 25
5 8 65
5 9 21
5 10 52
6 1 63
6 2 103
6 3 105
6 4 93
6 5 75
6 6 58
6 7 49
6 8 12
6 9 59
6 10 97
7 1 26
7 2 61
7 3 75
7 4 35
7 5 96
7 6 43
7 7 23
7 8 65
7 9 12
7 10 66
8 1 22
8 2 65
8 3 79
8 4 39
8 5 99
8 6 46
8 7 24
8 8 66
8 9 12
8 10 70
9 1 67
9 2 97
9 3 98
9 4 89
9 5 64
9 6 52
9 7 49
9 8 6
9 9 60
9 10 90
10 1 61
10 2 27
10 3 43
10 4 4
10 5 85
10 6 38
10 7 45
10 8 81
10 9 43
10 10 36
11 1 55
11 2 32
11 3 43
11 4 20
11 5 71
11 6 21
11 7 33
11 8 65
11 9 35
11 10 34
12 1 79
12 2 45
12 3 41
12 4 54
12 5 35
12 6 21
12 7 50
12 8 55
12 9 60
12 10 34
13 1 45
13 2 46
13 3 55
13 4 32
13 5 69
13 6 16
13 7 19
13 8 51
13 9 25
13 10 46
14 1 88
14 2 96
14 3 93
14 4 97
14 5 45
14 6 55
14 7 64
14 8 28
14 9 77
14 10 86
15 1 70
15 2 108
15 3 109
15 4 99
15 5 74
15 6 62
15 7 56
15 8 16
15 9 66
15 10 101
16 1 78
16 2 55
16 3 52
16 4 61
16 5 31
16 6 22
16 7 48
16 8 46
16 9 59
16 10 45
17 1 96
17 2 13
17 3 22
17 4 36
17 5 85
17 6 58
17 7 77
17 8 105
17 9 77
17 10 24
18 1 101
18 2 61
18 3 50
18 4 76
18 5 14
18 6 44
18 7 72
18 8 65
18 9 82
18 10 47
19 1 106
19 2 67
19 3 56
19 4 82
19 5 9
19 6 49
19 7 76
19 8 66
19 9 87
19 10 53
20 1 95
20 2 21
20 3 9
20 4 46
20 5 56
20 6 42
20 7 69
20 8 86
20 9 74
20 10 7
21 1 71
21 2 71
21 3 70
21 4 70
21 5 40
21 6 29
21 7 43
21 8 27
21 9 56
21 10 62
22 1 123
22 2 84
22 3 71
22 4 101
22 5 15
22 6 68
22 7 94
22 8 78
22 9 105
22 10 70
23 1 102
23 2 46
23 3 32
23 4 66
23 5 32
23 6 44
23 7 73
23 8 77
23 9 82
23 10 31
24 1 16
24 2 71
24 3 84
24 4 45
24 5 101
24 6 49
24 7 24
24 8 64
24 9 11
24 10 76
25 1 105
25 2 66
25 3 55
25 4 81
25 5 9
25 6 48
25 7 76
25 8 66
25 9 86
25 10 52
26 1 74
26 2 28
26 3 29
26 4 37
26 5 52
26 6 20
26 7 47
26 8 65
26 9 53
26 10 21
27 1 80
27 2 112
27 3 112
27 4 105
27 5 71
27 6 67
27 7 64
27 8 22
27 9 75
27 10 104
28 1 109
28 2 60
28 3 47
28 4 79
28 5 19
28 6 51
28 7 80
28 8 75
28 9 90
28 10 46
29 1 23
29 2 64
29 3 76
29 4 42
29 5 89
29 6 37
29 7 12
29 8 54
29 9 2
29 10 67
30 1 97
30 2 48
30 3 37
30 4 65
30 5 27
30 6 38
30 7 68
30 8 69
30 9 77
30 10 34
31 1 57
31 2 29
31 3 42
31 4 15
31 5 75
31 6 26
31 7 37
31 8 70
31 9 37
31 10 34
32 1 81
32 2 78
32 3 74
32 4 80
32 5 34
32 6 38
32 7 54
32 8 31
32 9 66
32 10 68
33 1 50
33 2 55
33 3 60
33 4 47
33 5 59
33 6 11
33 7 21
33 8 38
33 9 32
33 10 51
34 1 40
34 2 47
34 3 58
34 4 28
34 5 78
34 6 24
34 7 19
34 8 57
34 9 20
34 10 49
35 1 78
35 2 11
35 3 29
35 4 18
35 5 82
35 6 45
35 7 59
35 8 91
35 9 59
35 10 24
36 1 49
36 2 85
36 3 89
36 4 73
36 5 69
36 6 40
36 7 30
36 8 13
36 9 41
36 10 80
37 1 122
37 2 77
37 3 63
37 4 95
37 5 17
37 6 65
37 7 93
37 8 81
37 9 103
37 10 63
38 1 67
38 2 54
38 3 53
38 4 54
38 5 42
38 6 13
38 7 38
38 8 41
38 9 49
38 10 45
39 1 84
39 2 12
39 3 14
39 4 34
39 5 63
39 6 37
39 7 61
39 8 83
39 9 64
39 10 5
40 1 57
40 2 35
40 3 43
40 4 27
40 5 64
40 6 14
40 7 31
40 8 59
40 9 36
40 10 34
41 1 15
41 2 89
41 3 99
41 4 67
41 5 100
41 6 54
41 7 25
41 8 48
41 9 23
41 10 90
42 1 106
42 2 51
42 3 37
42 4 71
42 5 29
42 6 47
42 7 77
42 8 78
42 9 86
42 10 36
43 1 104
43 2 52
43 3 39
43 4 71
43 5 25
43 6 46
43 7 75
43 8 75
43 9 84
43 10 38
44 1 53
44 2 44
44 3 50
44 4 35
44 5 61
44 6 8
44 7 25
44 8 50
44 9 33
44 10 41
45 1 37
45 2 67
45 3 74
45 4 52
45 5 72
45 6 26
45 7 9
45 8 34
45 9 22
45 10 65
46 1 78
46 2 88
46 3 86
46 4 86
46 5 45
46 6 45
46 7 53
46 8 21
46 9 66
46 10 79
47 1 91
47 2 52
47 3 43
47 4 65
47 5 24
47 6 33
47 7 61
47 8 60
47 9 71
47 10 39
48 1 12
48 2 84
48 3 98
48 4 57
48 5 115
48 6 63
48 7 36
48 8 73
48 9 25
48 10 90
49 1 76
49 2 86
49 3 84
49 4 84
49 5 45
49 6 43
49 7 51
49 8 20
49 9 64
49 10 77
50 1 59
50 2 81
50 3 82
50 4 73
50 5 58
50 6 35
50 7 35
50 8 11
50 9 48
50 10 74
51 1 53
51 2 33
51 3 46
51 4 16
51 5 76
51 6 26
51 7 33
51 8 68
51 9 33
51 10 37
52 1 64
52 2 86
52 3 87
52 4 79
52 5 57
52 6 40
52 7 41
52 8 8
52 9 53
52 10 79
53 1 81
53 2 11
53 3 28
53 4 21
53 5 84
53 6 48
53 7 63
53 8 94
53 9 62
53 10 25
54 1 43
54 2 53
54 3 61
54 4 40
54 5 67
54 6 16
54 7 14
54 8 44
54 9 23
54 10 52
55 1 101
55 2 51
55 3 39
55 4 69
55 5 25
55 6 43
55 7 72
55 8 72
55 9 81
55 10 37
56 1 53
56 2 36
56 3 46
56 4 23
56 5 70
56 6 19
56 7 29
56 8 61
56 9 32
56 10 37
57 1 72
57 2 59
57 3 57
57 4 61
57 5 36
57 6 20
57 7 43
57 8 39
57 9 55
57 10 50
58 1 23
58 2 65
58 3 79
58 4 38
58 5 101
58 6 48
58 7 26
58 8 68
58 9 14
58 10 71
59 1 90
59 2 6
59 3 12
59 4 34
59 5 72
59 6 46
59 7 68
59 8 92
59 9 70
59 10 10
60 1 111
60 2 76
60 3 65
60 4 90
60 5 2
60 6 55
60 7 81
60 8 66
60 9 93
60 10 62
61 1 103
61 2 84
61 3 76
61 4 93
61 5 17
61 6 54
61 7 75
61 8 52
61 9 87
61 10 72
62 1 53
62 2 92
62 3 96
62 4 81
62 5 72
62 6 47
62 7 37
62 8 9
62 9 48
62 10 87
63 1 64
63 2 96
63 3 98
63 4 88
63 5 67
63 6 51
63 7 46
63 8 4
63 9 57
63 10 90
64 1 11
64 2 87
64 3 98
64 4 64
64 5 101
64 6 54
64 7 25
64 8 51
64 9 21
64 10 89
65 1 92
65 2 11
65 3 24
65 4 32
65 5 86
65 6 56
65 7 73
65 8 103
65 9 73
65 10 24
66 1 61
66 2 29
66 3 46
66 4 0
66 5 89
66 6 42
66 7 47
66 8 84
66 9 43
66 10 39
67 1 19
67 2 76
67 3 86
67 4 55
67 5 89
67 6 42
67 7 12
67 8 44
67 9 13
67 10 77
68 1 108
68 2 70
68 3 58
68 4 85
68 5 6
68 6 52
68 7 79
68 8 67
68 9 90
68 10 56
69 1 34
69 2 54
69 3 65
69 4 34
69 5 80
69 6 27
69 7 13
69 8 53
69 9 13
69 10 56
70 1 55
70 2 33
70 3 49
70 4 5
70 5 88
70 6 39
70 7 42
70 8 80
70 9 38
70 10 42
71 1 116
71 2 70
71 3 56
71 4 88
71 5 16
71 6 59
71 7 87
71 8 78
71 9 97
71 10 55
72 1 33
72 2 83
72 3 90
72 4 67
72 5 82
72 6 42
72 7 20
72 8 29
72 9 28
72 10 81
73 1 60
73 2 36
73 3 42
73 4 32
73 5 59
73 6 10
73 7 33
73 8 57
73 9 39
73 10 33
74 1 99
74 2 38
74 3 25
74 4 59
74 5 40
74 6 42
74 7 71
74 8 79
74 9 79
74 10 23
75 1 96
75 2 65
75 3 56
75 4 76
75 5 13
75 6 40
75 7 67
75 8 56
75 9 78
75 10 52
76 1 46
76 2 85
76 3 90
76 4 73
76 5 72
76 6 41
76 7 28
76 8 15
76 9 39
76 10 81
77 1 56
77 2 32
77 3 42
77 4 21
77 5 70
77 6 20
77 7 34
77 8 64
77 9 36
77 10 33
78 1 6
78 2 82
78 3 95
78 4 56
78 5 109
78 6 58
78 7 30
78 8 66
78 9 19
78 10 86
79 1 95
79 2 41
79 3 30
79 4 59
79 5 35
79 6 37
79 7 66
79 8 72
79 9 75
79 10 27
80 1 72
80 2 116
80 3 118
80 4 105
80 5 83
80 6 70
80 7 61
80 8 24
80 9 71
80 10 110
81 1 108
81 2 83
81 3 73
81 4 94
81 5 11
81 6 56
81 7 79
81 8 59
81 9 91
81 10 70
82 1 75
82 2 115
82 3 117
82 4 106
82 5 80
82 6 70
82 7 62
82 8 23
82 9 73
82 10 109
83 1 64
83 2 75
83 3 75
83 4 71
83 5 49
83 6 31
83 7 38
83 8 19
83 9 51
83 10 68
84 1 88
84 2 95
84 3 91
84 4 95
84 5 43
84 6 54
84 7 64
84 8 29
84 9 76
84 10 84
85 1 29
85 2 69
85 3 78
85 4 51
85 5 79
85 6 32
85 7 4
85 8 39
85 9 15
85 10 69
86 1 75
86 2 11
86 3 27
86 4 18
86 5 77
86 6 39
86 7 56
86 8 86
86 9 56
86 10 21
87 1 39
87 2 80
87 3 86
87 4 66
87 5 74
87 6 37
87 7 21
87 8 23
87 9 31
87 10 77
88 1 17
88 2 82
88 3 97
88 4 54
88 5 116
88 6 64
88 7 38
88 8 76
88 9 26
88 10 88
89 1 87
89 2 52
89 3 45
89 4 63
89 5 26
89 6 29
89 7 57
89 8 56
89 9 68
89 10 39
90 1 40
90 2 49
90 3 59
90 4 30
90 5 76
90 6 22
90 7 17
90 8 54
90 9 19
90 10 50
91 1 42
91 2 44
91 3 58
91 4 19
91 5 86
91 6 34
91 7 28
91 8 68
91 9 24
91 10 50
92 1 10
92 2 79
92 3 90
92 4 55
92 5 98
92 6 49
92 7 19
92 8 54
92 9 12
92 10 81
93 1 87
93 2 94
93 3 91
93 4 94
93 5 43
93 6 53
93 7 63
93 8 28
93 9 75
93 10 84
94 1 56
94 2 85
94 3 88
94 4 76
94 5 63
94 6 40
94 7 35
94 8 8
94 9 47
94 10 79
95 1 69
95 2 62
95 3 61
95 4 62
95 5 40
95 6 20
95 7 40
95 8 34
95 9 52
95 10 53
96 1 28
96 2 64
96 3 74
96 4 45
96 5 81
96 6 31
96 7 3
96 8 45
96 9 10
96 10 65
97 1 41
97 2 61
97 3 68
97 4 47
97 5 68
97 6 20
97 7 11
97 8 37
97 9 23
97 10 59
98 1 36
98 2 50
98 3 63
98 4 28
98 5 83
98 6 30
98 7 19
98 8 60
98 9 16
98 10 54
99 1 60
99 2 52
99 3 55
99 4 49
99 5 50
99 6 8
99 7 30
99 8 40
99 9 41
99 10 46
100 1 38
100 2 48
100 3 61
100 4 24
100 5 86
100 6 32
100 7 24
100 8 64
100 9 19
100 10 53
