# Instância gerada automaticamente
# N_Clientes = 200
# N_Facilidades = 20
# P (máximo de facilidades a abrir) = 10
# SEED usada = 12345
# Demanda total = 1085
# Capacidade total instalada = 2458

## Coordenadas dos Clientes (id x y)
1 98 29
2 1 36
3 41 34
4 29 1
5 59 14
6 91 80
7 73 11
8 77 10
9 81 82
10 38 7
11 43 23
12 29 56
13 55 31
14 61 97
15 91 87
16 36 64
17 3 5
18 15 75
19 14 81
20 5 34
21 53 72
22 5 98
23 5 59
24 83 12
25 14 80
26 27 38
27 88 96
28 5 74
29 76 22
30 12 62
31 41 18
32 50 82
33 57 46
34 58 23
35 21 7
36 81 63
37 0 90
38 44 57
39 14 26
40 43 30
41 99 32
42 3 64
43 6 66
44 49 37
45 72 43
46 62 86
47 21 65
48 96 5
49 62 84
50 71 69
51 45 18
52 72 75
53 18 5
54 60 37
55 9 65
56 46 25
57 43 64
58 77 8
59 8 18
60 15 90
61 32 96
62 86 69
63 83 79
64 98 28
65 7 4
66 39 3
67 86 32
68 13 84
69 65 25
70 44 5
71 2 83
72 88 48
73 41 35
74 5 51
75 24 78
76 83 61
77 42 24
78 94 12
79 11 55
80 100 89
81 25 96
82 97 92
83 62 70
84 59 96
85 77 37
86 23 12
87 82 53
88 93 1
89 25 64
90 59 26
91 56 12
92 90 23
93 60 95
94 77 69
95 48 64
96 74 31
97 66 42
98 62 19
99 49 51
100 60 15
101 98 17
102 12 14
103 0 27
104 39 3
105 17 89
106 46 44
107 74 34
108 80 76
109 78 22
110 9 28
111 96 80
112 60 45
113 7 25
114 77 37
115 43 98
116 5 48
117 100 70
118 72 38
119 97 97
120 94 61
121 49 64
122 13 49
123 42 48
124 32 21
125 13 81
126 21 13
127 98 82
128 15 13
129 24 79
130 100 14
131 53 44
132 53 82
133 23 61
134 44 98
135 89 67
136 17 8
137 45 45
138 14 8
139 96 80
140 61 29
141 57 6
142 7 43
143 34 23
144 81 91
145 47 71
146 75 3
147 93 51
148 66 46
149 90 30
150 83 89
151 14 80
152 80 67
153 96 96
154 16 17
155 4 14
156 33 54
157 85 33
158 5 83
159 57 39
160 5 61
161 88 34
162 39 83
163 51 37
164 53 42
165 56 3
166 64 59
167 87 91
168 77 57
169 92 32
170 0 10
171 96 34
172 71 64
173 73 41
174 82 49
175 26 91
176 73 34
177 12 18
178 16 63
179 9 67
180 4 73
181 22 60
182 15 95
183 73 60
184 91 71
185 82 63
186 95 54
187 89 50
188 32 38
189 72 7
190 38 72
191 54 37
192 14 20
193 76 77
194 35 31
195 87 84
196 38 46
197 42 96
198 17 83
199 75 79
200 44 82

## Demandas dos Clientes (id demanda)
1 7
2 7
3 9
4 7
5 6
6 3
7 10
8 10
9 10
10 2
11 7
12 6
13 6
14 9
15 1
16 1
17 3
18 10
19 8
20 1
21 8
22 2
23 7
24 8
25 3
26 5
27 6
28 2
29 4
30 5
31 3
32 5
33 4
34 10
35 2
36 3
37 4
38 4
39 7
40 4
41 9
42 10
43 8
44 5
45 3
46 1
47 6
48 9
49 5
50 6
51 10
52 3
53 4
54 1
55 8
56 5
57 6
58 3
59 4
60 7
61 9
62 6
63 2
64 10
65 8
66 1
67 8
68 2
69 2
70 5
71 5
72 10
73 3
74 9
75 1
76 7
77 3
78 1
79 7
80 1
81 1
82 3
83 9
84 5
85 6
86 9
87 5
88 3
89 10
90 7
91 5
92 6
93 4
94 2
95 9
96 10
97 10
98 4
99 2
100 5
101 7
102 9
103 5
104 1
105 8
106 3
107 9
108 2
109 1
110 7
111 1
112 4
113 2
114 6
115 7
116 6
117 4
118 9
119 8
120 3
121 10
122 6
123 3
124 9
125 1
126 4
127 6
128 3
129 4
130 3
131 5
132 10
133 4
134 6
135 6
136 6
137 4
138 1
139 7
140 4
141 10
142 3
143 8
144 4
145 5
146 5
147 6
148 5
149 1
150 9
151 4
152 4
153 10
154 2
155 6
156 5
157 9
158 8
159 10
160 7
161 6
162 7
163 2
164 7
165 1
166 6
167 2
168 6
169 2
170 7
171 5
172 7
173 10
174 4
175 6
176 10
177 3
178 1
179 8
180 4
181 9
182 10
183 1
184 2
185 10
186 2
187 1
188 10
189 8
190 1
191 8
192 3
193 4
194 8
195 10
196 2
197 2
198 10
199 1
200 7

## Coordenadas das Facilidades (id x y)
1 41 32
2 37 41
3 6 29
4 4 96
5 57 20
6 50 65
7 21 72
8 9 88
9 79 98
10 50 19
11 77 86
12 61 61
13 92 43
14 93 59
15 2 12
16 17 31
17 88 41
18 85 12
19 45 24
20 19 60

## Capacidades das Facilidades (id capacidade)
1 126
2 124
3 123
4 122
5 119
6 122
7 126
8 118
9 121
10 119
11 122
12 125
13 127
14 118
15 125
16 126
17 128
18 120
19 119
20 128

## Custos Fixos de Instalação (id custo)
1 143
2 136
3 145
4 137
5 135
6 136
7 145
8 131
9 134
10 136
11 141
12 139
13 146
14 133
15 149
16 139
17 153
18 136
19 136
20 142

## Matriz de Distâncias Euclideanas arredondadas (cliente facilidade distancia)
1 1 57
1 2 62
1 3 92
1 4 115
1 5 42
1 6 60
1 7 88
1 8 107
1 9 72
1 10 49
1 11 61
1 12 49
1 13 15
1 14 30
1 15 97
1 16 81
1 17 16
1 18 21
1 19 53
1 20 85
2 1 40
2 2 36
2 3 9
2 4 60
2 5 58
2 6 57
2 7 41
2 8 53
2 9 100
2 10 52
2 11 91
2 12 65
2 13 91
2 14 95
2 15 24
2 16 17
2 17 87
2 18 87
2 19 46
2 20 30
3 1 2
3 2 8
3 3 35
3 4 72
3 5 21
3 6 32
3 7 43
3 8 63
3 9 74
3 10 17
3 11 63
3 12 34
3 13 52
3 14 58
3 15 45
3 16 24
3 17 48
3 18 49
3 19 11
3 20 34
4 1 33
4 2 41
4 3 36
4 4 98
4 5 34
4 6 67
4 7 71
4 8 89
4 9 109
4 10 28
4 11 98
4 12 68
4 13 76
4 14 86
4 15 29
4 16 32
4 17 71
4 18 57
4 19 28
4 20 60
5 1 25
5 2 35
5 3 55
5 4 99
5 5 6
5 6 52
5 7 69
5 8 89
5 9 86
5 10 10
5 11 74
5 12 47
5 13 44
5 14 56
5 15 57
5 16 45
5 17 40
5 18 26
5 19 17
5 20 61
6 1 69
6 2 67
6 3 99
6 4 88
6 5 69
6 6 44
6 7 70
6 8 82
6 9 22
6 10 73
6 11 15
6 12 36
6 13 37
6 14 21
6 15 112
6 16 89
6 17 39
6 18 68
6 19 72
6 20 75
7 1 38
7 2 47
7 3 69
7 4 109
7 5 18
7 6 59
7 7 80
7 8 100
7 9 87
7 10 24
7 11 75
7 12 51
7 13 37
7 14 52
7 15 71
7 16 59
7 17 34
7 18 12
7 19 31
7 20 73
8 1 42
8 2 51
8 3 73
8 4 113
8 5 22
8 6 61
8 7 84
8 8 103
8 9 88
8 10 28
8 11 76
8 12 53
8 13 36
8 14 52
8 15 75
8 16 64
8 17 33
8 18 8
8 19 35
8 20 77
9 1 64
9 2 60
9 3 92
9 4 78
9 5 66
9 6 35
9 7 61
9 8 72
9 9 16
9 10 70
9 11 6
9 12 29
9 13 41
9 14 26
9 15 106
9 16 82
9 17 42
9 18 70
9 19 68
9 20 66
10 1 25
10 2 34
10 3 39
10 4 95
10 5 23
10 6 59
10 7 67
10 8 86
10 9 100
10 10 17
10 11 88
10 12 59
10 13 65
10 14 76
10 15 36
10 16 32
10 17 60
10 18 47
10 19 18
10 20 56
11 1 9
11 2 19
11 3 37
11 4 83
11 5 14
11 6 43
11 7 54
11 8 73
11 9 83
11 10 8
11 11 72
11 12 42
11 13 53
11 14 62
11 15 42
11 16 27
11 17 48
11 18 43
11 19 2
11 20 44
12 1 27
12 2 17
12 3 35
12 4 47
12 5 46
12 6 23
12 7 18
12 8 38
12 9 65
12 10 43
12 11 57
12 12 32
12 13 64
12 14 64
12 15 52
12 16 28
12 17 61
12 18 71
12 19 36
12 20 11
13 1 14
13 2 21
13 3 49
13 4 83
13 5 11
13 6 34
13 7 53
13 8 73
13 9 71
13 10 13
13 11 59
13 12 31
13 13 39
13 14 47
13 15 56
13 16 38
13 17 34
13 18 36
13 19 12
13 20 46
14 1 68
14 2 61
14 3 87
14 4 57
14 5 77
14 6 34
14 7 47
14 8 53
14 9 18
14 10 79
14 11 19
14 12 36
14 13 62
14 14 50
14 15 103
14 16 79
14 17 62
14 18 88
14 19 75
14 20 56
15 1 74
15 2 71
15 3 103
15 4 87
15 5 75
15 6 47
15 7 72
15 8 82
15 9 16
15 10 79
15 11 14
15 12 40
15 13 44
15 14 28
15 15 116
15 16 93
15 17 46
15 18 75
15 19 78
15 20 77
16 1 32
16 2 23
16 3 46
16 4 45
16 5 49
16 6 14
16 7 17
16 8 36
16 9 55
16 10 47
16 11 47
16 12 25
16 13 60
16 14 57
16 15 62
16 16 38
16 17 57
16 18 71
16 19 41
16 20 17
17 1 47
17 2 50
17 3 24
17 4 91
17 5 56
17 6 76
17 7 69
17 8 83
17 9 120
17 10 49
17 11 110
17 12 81
17 13 97
17 14 105
17 15 7
17 16 30
17 17 92
17 18 82
17 19 46
17 20 57
18 1 50
18 2 40
18 3 47
18 4 24
18 5 69
18 6 36
18 7 7
18 8 14
18 9 68
18 10 66
18 11 63
18 12 48
18 13 83
18 14 80
18 15 64
18 16 44
18 17 81
18 18 94
18 19 59
18 20 16
19 1 56
19 2 46
19 3 53
19 4 18
19 5 75
19 6 39
19 7 11
19 8 9
19 9 67
19 10 72
19 11 63
19 12 51
19 13 87
19 14 82
19 15 70
19 16 50
19 17 84
19 18 99
19 19 65
19 20 22
20 1 36
20 2 33
20 3 5
20 4 62
20 5 54
20 6 55
20 7 41
20 8 54
20 9 98
20 10 47
20 11 89
20 12 62
20 13 87
20 14 91
20 15 22
20 16 12
20 17 83
20 18 83
20 19 41
20 20 30
21 1 42
21 2 35
21 3 64
21 4 55
21 5 52
21 6 8
21 7 32
21 8 47
21 9 37
21 10 53
21 11 28
21 12 14
21 13 49
21 14 42
21 15 79
21 16 55
21 17 47
21 18 68
21 19 49
21 20 36
22 1 75
22 2 65
22 3 69
22 4 2
22 5 94
22 6 56
22 7 31
22 8 11
22 9 74
22 10 91
22 11 73
22 12 67
22 13 103
22 14 96
22 15 86
22 16 68
22 17 101
22 18 117
22 19 84
22 20 40
23 1 45
23 2 37
23 3 30
23 4 37
23 5 65
23 6 45
23 7 21
23 8 29
23 9 84
23 10 60
23 11 77
23 12 56
23 13 88
23 14 88
23 15 47
23 16 30
23 17 85
23 18 93
23 19 53
23 20 14
24 1 47
24 2 54
24 3 79
24 4 115
24 5 27
24 6 62
24 7 86
24 8 106
24 9 86
24 10 34
24 11 74
24 12 54
24 13 32
24 14 48
24 15 81
24 16 69
24 17 29
24 18 2
24 19 40
24 20 80
25 1 55
25 2 45
25 3 52
25 4 19
25 5 74
25 6 39
25 7 11
25 8 9
25 9 67
25 10 71
25 11 63
25 12 51
25 13 86
25 14 82
25 15 69
25 16 49
25 17 84
25 18 98
25 19 64
25 20 21
26 1 15
26 2 10
26 3 23
26 4 62
26 5 35
26 6 35
26 7 35
26 8 53
26 9 79
26 10 30
26 11 69
26 12 41
26 13 65
26 14 69
26 15 36
26 16 12
26 17 61
26 18 64
26 19 23
26 20 23
27 1 79
27 2 75
27 3 106
27 4 84
27 5 82
27 6 49
27 7 71
27 8 79
27 9 9
27 10 86
27 11 15
27 12 44
27 13 53
27 14 37
27 15 120
27 16 96
27 17 55
27 18 84
27 19 84
27 20 78
28 1 55
28 2 46
28 3 45
28 4 22
28 5 75
28 6 46
28 7 16
28 8 15
28 9 78
28 10 71
28 11 73
28 12 57
28 13 92
28 14 89
28 15 62
28 16 45
28 17 89
28 18 101
28 19 64
28 20 20
29 1 36
29 2 43
29 3 70
29 4 103
29 5 19
29 6 50
29 7 74
29 8 94
29 9 76
29 10 26
29 11 64
29 12 42
29 13 26
29 14 41
29 15 75
29 16 60
29 17 22
29 18 13
29 19 31
29 20 69
30 1 42
30 2 33
30 3 34
30 4 35
30 5 62
30 6 38
30 7 13
30 8 26
30 9 76
30 10 57
30 11 69
30 12 49
30 13 82
30 14 81
30 15 51
30 16 31
30 17 79
30 18 88
30 19 50
30 20 7
31 1 14
31 2 23
31 3 37
31 4 86
31 5 16
31 6 48
31 7 58
31 8 77
31 9 89
31 10 9
31 11 77
31 12 47
31 13 57
31 14 66
31 15 39
31 16 27
31 17 52
31 18 44
31 19 7
31 20 47
32 1 51
32 2 43
32 3 69
32 4 48
32 5 62
32 6 17
32 7 31
32 8 41
32 9 33
32 10 63
32 11 27
32 12 24
32 13 57
32 14 49
32 15 85
32 16 61
32 17 56
32 18 78
32 19 58
32 20 38
33 1 21
33 2 21
33 3 54
33 4 73
33 5 26
33 6 20
33 7 44
33 8 64
33 9 56
33 10 28
33 11 45
33 12 16
33 13 35
33 14 38
33 15 65
33 16 43
33 17 31
33 18 44
33 19 25
33 20 40
34 1 19
34 2 28
34 3 52
34 4 91
34 5 3
34 6 43
34 7 61
34 8 81
34 9 78
34 10 9
34 11 66
34 12 38
34 13 39
34 14 50
34 15 57
34 16 42
34 17 35
34 18 29
34 19 13
34 20 54
35 1 32
35 2 38
35 3 27
35 4 91
35 5 38
35 6 65
35 7 65
35 8 82
35 9 108
35 10 31
35 11 97
35 12 67
35 13 80
35 14 89
35 15 20
35 16 24
35 17 75
35 18 64
35 19 29
35 20 53
36 1 51
36 2 49
36 3 82
36 4 84
36 5 49
36 6 31
36 7 61
36 8 76
36 9 35
36 10 54
36 11 23
36 12 20
36 13 23
36 14 13
36 15 94
36 16 72
36 17 23
36 18 51
36 19 53
36 20 62
37 1 71
37 2 61
37 3 61
37 4 7
37 5 90
37 6 56
37 7 28
37 8 9
37 9 79
37 10 87
37 11 77
37 12 68
37 13 103
37 14 98
37 15 78
37 16 61
37 17 101
37 18 115
37 19 80
37 20 36
38 1 25
38 2 17
38 3 47
38 4 56
38 5 39
38 6 10
38 7 27
38 8 47
38 9 54
38 10 38
38 11 44
38 12 17
38 13 50
38 14 49
38 15 62
38 16 37
38 17 47
38 18 61
38 19 33
38 20 25
39 1 28
39 2 27
39 3 9
39 4 71
39 5 43
39 6 53
39 7 47
39 8 62
39 9 97
39 10 37
39 11 87
39 12 59
39 13 80
39 14 86
39 15 18
39 16 6
39 17 76
39 18 72
39 19 31
39 20 34
40 1 3
40 2 13
40 3 37
40 4 77
40 5 17
40 6 36
40 7 47
40 8 67
40 9 77
40 10 13
40 11 66
40 12 36
40 13 51
40 14 58
40 15 45
40 16 26
40 17 46
40 18 46
40 19 6
40 20 38
41 1 58
41 2 63
41 3 93
41 4 115
41 5 44
41 6 59
41 7 88
41 8 106
41 9 69
41 10 51
41 11 58
41 12 48
41 13 13
41 14 28
41 15 99
41 16 82
41 17 14
41 18 24
41 19 55
41 20 85
42 1 50
42 2 41
42 3 35
42 4 32
42 5 70
42 6 47
42 7 20
42 8 25
42 9 83
42 10 65
42 11 77
42 12 58
42 13 91
42 14 90
42 15 52
42 16 36
42 17 88
42 18 97
42 19 58
42 20 16
43 1 49
43 2 40
43 3 37
43 4 30
43 5 69
43 6 44
43 7 16
43 8 22
43 9 80
43 10 64
43 11 74
43 12 55
43 13 89
43 14 87
43 15 54
43 16 37
43 17 86
43 18 96
43 19 57
43 20 14
44 1 9
44 2 13
44 3 44
44 4 74
44 5 19
44 6 28
44 7 45
44 8 65
44 9 68
44 10 18
44 11 56
44 12 27
44 13 43
44 14 49
44 15 53
44 16 33
44 17 39
44 18 44
44 19 14
44 20 38
45 1 33
45 2 35
45 3 67
45 4 86
45 5 27
45 6 31
45 7 59
45 8 77
45 9 55
45 10 33
45 11 43
45 12 21
45 13 20
45 14 26
45 15 77
45 16 56
45 17 16
45 18 34
45 19 33
45 20 56
46 1 58
46 2 51
46 3 80
46 4 59
46 5 66
46 6 24
46 7 43
46 8 53
46 9 21
46 10 68
46 11 15
46 12 25
46 13 52
46 14 41
46 15 95
46 16 71
46 17 52
46 18 77
46 19 64
46 20 50
47 1 39
47 2 29
47 3 39
47 4 35
47 5 58
47 6 29
47 7 7
47 8 26
47 9 67
47 10 54
47 11 60
47 12 40
47 13 74
47 14 72
47 15 56
47 16 34
47 17 71
47 18 83
47 19 48
47 20 5
48 1 61
48 2 69
48 3 93
48 4 129
48 5 42
48 6 76
48 7 101
48 8 120
48 9 95
48 10 48
48 11 83
48 12 66
48 13 38
48 14 54
48 15 94
48 16 83
48 17 37
48 18 13
48 19 54
48 20 95
49 1 56
49 2 50
49 3 78
49 4 59
49 5 64
49 6 22
49 7 43
49 8 53
49 9 22
49 10 66
49 11 15
49 12 23
49 13 51
49 14 40
49 15 94
49 16 70
49 17 50
49 18 76
49 19 62
49 20 49
50 1 48
50 2 44
50 3 76
50 4 72
50 5 51
50 6 21
50 7 50
50 8 65
50 9 30
50 10 54
50 11 18
50 12 13
50 13 33
50 14 24
50 15 89
50 16 66
50 17 33
50 18 59
50 19 52
50 20 53
51 1 15
51 2 24
51 3 41
51 4 88
51 5 12
51 6 47
51 7 59
51 8 79
51 9 87
51 10 5
51 11 75
51 12 46
51 13 53
51 14 63
51 15 43
51 16 31
51 17 49
51 18 40
51 19 6
51 20 49
52 1 53
52 2 49
52 3 80
52 4 71
52 5 57
52 6 24
52 7 51
52 8 64
52 9 24
52 10 60
52 11 12
52 12 18
52 13 38
52 14 26
52 15 94
52 16 70
52 17 38
52 18 64
52 19 58
52 20 55
53 1 35
53 2 41
53 3 27
53 4 92
53 5 42
53 6 68
53 7 67
53 8 83
53 9 111
53 10 35
53 11 100
53 12 71
53 13 83
53 14 92
53 15 17
53 16 26
53 17 79
53 18 67
53 19 33
53 20 55
54 1 20
54 2 23
54 3 55
54 4 81
54 5 17
54 6 30
54 7 52
54 8 72
54 9 64
54 10 21
54 11 52
54 12 24
54 13 33
54 14 40
54 15 63
54 16 43
54 17 28
54 18 35
54 19 20
54 20 47
55 1 46
55 2 37
55 3 36
55 4 31
55 5 66
55 6 41
55 7 14
55 8 23
55 9 77
55 10 62
55 11 71
55 12 52
55 13 86
55 14 84
55 15 53
55 16 35
55 17 83
55 18 93
55 19 55
55 20 11
56 1 9
56 2 18
56 3 40
56 4 82
56 5 12
56 6 40
56 7 53
56 8 73
56 9 80
56 10 7
56 11 68
56 12 39
56 13 49
56 14 58
56 15 46
56 16 30
56 17 45
56 18 41
56 19 1
56 20 44
57 1 32
57 2 24
57 3 51
57 4 50
57 5 46
57 6 7
57 7 23
57 8 42
57 9 50
57 10 46
57 11 40
57 12 18
57 13 53
57 14 50
57 15 66
57 16 42
57 17 51
57 18 67
57 19 40
57 20 24
58 1 43
58 2 52
58 3 74
58 4 114
58 5 23
58 6 63
58 7 85
58 8 105
58 9 90
58 10 29
58 11 78
58 12 55
58 13 38
58 14 53
58 15 75
58 16 64
58 17 35
58 18 9
58 19 36
58 20 78
59 1 36
59 2 37
59 3 11
59 4 78
59 5 49
59 6 63
59 7 56
59 8 70
59 9 107
59 10 42
59 11 97
59 12 68
59 13 88
59 14 94
59 15 8
59 16 16
59 17 83
59 18 77
59 19 37
59 20 43
60 1 64
60 2 54
60 3 62
60 4 13
60 5 82
60 6 43
60 7 19
60 8 6
60 9 64
60 10 79
60 11 62
60 12 54
60 13 90
60 14 84
60 15 79
60 16 59
60 17 88
60 18 105
60 19 72
60 20 30
61 1 65
61 2 55
61 3 72
61 4 28
61 5 80
61 6 36
61 7 26
61 8 24
61 9 47
61 10 79
61 11 46
61 12 45
61 13 80
61 14 71
61 15 89
61 16 67
61 17 78
61 18 99
61 19 73
61 20 38
62 1 58
62 2 56
62 3 89
62 4 86
62 5 57
62 6 36
62 7 65
62 8 79
62 9 30
62 10 62
62 11 19
62 12 26
62 13 27
62 14 12
62 15 102
62 16 79
62 17 28
62 18 57
62 19 61
62 20 68
63 1 63
63 2 60
63 3 92
63 4 81
63 5 64
63 6 36
63 7 62
63 8 75
63 9 19
63 10 68
63 11 9
63 12 28
63 13 37
63 14 22
63 15 105
63 16 82
63 17 38
63 18 67
63 19 67
63 20 67
64 1 57
64 2 62
64 3 92
64 4 116
64 5 42
64 6 61
64 7 89
64 8 107
64 9 73
64 10 49
64 11 62
64 12 50
64 13 16
64 14 31
64 15 97
64 16 81
64 17 16
64 18 21
64 19 53
64 20 85
65 1 44
65 2 48
65 3 25
65 4 92
65 5 52
65 6 75
65 7 69
65 8 84
65 9 118
65 10 46
65 11 108
65 12 79
65 13 94
65 14 102
65 15 9
65 16 29
65 17 89
65 18 78
65 19 43
65 20 57
66 1 29
66 2 38
66 3 42
66 4 99
66 5 25
66 6 63
66 7 71
66 8 90
66 9 103
66 10 19
66 11 91
66 12 62
66 13 66
66 14 78
66 15 38
66 16 36
66 17 62
66 18 47
66 19 22
66 20 60
67 1 45
67 2 50
67 3 80
67 4 104
67 5 31
67 6 49
67 7 76
67 8 95
67 9 66
67 10 38
67 11 55
67 12 38
67 13 13
67 14 28
67 15 86
67 16 69
67 17 9
67 18 20
67 19 42
67 20 73
68 1 59
68 2 49
68 3 55
68 4 15
68 5 78
68 6 42
68 7 14
68 8 6
68 9 67
68 10 75
68 11 64
68 12 53
68 13 89
68 14 84
68 15 73
68 16 53
68 17 86
68 18 102
68 19 68
68 20 25
69 1 25
69 2 32
69 3 59
69 4 94
69 5 9
69 6 43
69 7 64
69 8 84
69 9 74
69 10 16
69 11 62
69 12 36
69 13 32
69 14 44
69 15 64
69 16 48
69 17 28
69 18 24
69 19 20
69 20 58
70 1 27
70 2 37
70 3 45
70 4 99
70 5 20
70 6 60
70 7 71
70 8 90
70 9 99
70 10 15
70 11 87
70 12 59
70 13 61
70 14 73
70 15 43
70 16 37
70 17 57
70 18 42
70 19 19
70 20 60
71 1 64
71 2 55
71 3 54
71 4 13
71 5 84
71 6 51
71 7 22
71 8 9
71 9 78
71 10 80
71 11 75
71 12 63
71 13 98
71 14 94
71 15 71
71 16 54
71 17 96
71 18 109
71 19 73
71 20 29
72 1 50
72 2 51
72 3 84
72 4 97
72 5 42
72 6 42
72 7 71
72 8 89
72 9 51
72 10 48
72 11 40
72 12 30
72 13 6
72 14 12
72 15 93
72 16 73
72 17 7
72 18 36
72 19 49
72 20 70
73 1 3
73 2 7
73 3 36
73 4 71
73 5 22
73 6 31
73 7 42
73 8 62
73 9 74
73 10 18
73 11 62
73 12 33
73 13 52
73 14 57
73 15 45
73 16 24
73 17 47
73 18 50
73 19 12
73 20 33
74 1 41
74 2 34
74 3 22
74 4 45
74 5 61
74 6 47
74 7 26
74 8 37
74 9 88
74 10 55
74 11 80
74 12 57
74 13 87
74 14 88
74 15 39
74 16 23
74 17 84
74 18 89
74 19 48
74 20 17
75 1 49
75 2 39
75 3 52
75 4 27
75 5 67
75 6 29
75 7 7
75 8 18
75 9 59
75 10 64
75 11 54
75 12 41
75 13 76
75 14 72
75 15 70
75 16 48
75 17 74
75 18 90
75 19 58
75 20 19
76 1 51
76 2 50
76 3 83
76 4 86
76 5 49
76 6 33
76 7 63
76 8 79
76 9 37
76 10 53
76 11 26
76 12 22
76 13 20
76 14 10
76 15 95
76 16 72
76 17 21
76 18 49
76 19 53
76 20 64
77 1 8
77 2 18
77 3 36
77 4 81
77 5 16
77 6 42
77 7 52
77 8 72
77 9 83
77 10 9
77 11 71
77 12 42
77 13 53
77 14 62
77 15 42
77 16 26
77 17 49
77 18 45
77 19 3
77 20 43
78 1 57
78 2 64
78 3 90
78 4 123
78 5 38
78 6 69
78 7 94
78 8 114
78 9 87
78 10 45
78 11 76
78 12 59
78 13 31
78 14 47
78 15 92
78 16 79
78 17 30
78 18 9
78 19 50
78 20 89
79 1 38
79 2 30
79 3 26
79 4 42
79 5 58
79 6 40
79 7 20
79 8 33
79 9 80
79 10 53
79 11 73
79 12 50
79 13 82
79 14 82
79 15 44
79 16 25
79 17 78
79 18 86
79 19 46
79 20 9
80 1 82
80 2 79
80 3 112
80 4 96
80 5 81
80 6 55
80 7 81
80 8 91
80 9 23
80 10 86
80 11 23
80 12 48
80 13 47
80 14 31
80 15 125
80 16 101
80 17 49
80 18 78
80 19 85
80 20 86
81 1 66
81 2 56
81 3 70
81 4 21
81 5 82
81 6 40
81 7 24
81 8 18
81 9 54
81 10 81
81 11 53
81 12 50
81 13 85
81 14 77
81 15 87
81 16 65
81 17 84
81 18 103
81 19 75
81 20 36
82 1 82
82 2 79
82 3 111
82 4 93
82 5 82
82 6 54
82 7 79
82 8 88
82 9 19
82 10 87
82 11 21
82 12 48
82 13 49
82 14 33
82 15 124
82 16 101
82 17 52
82 18 81
82 19 86
82 20 84
83 1 43
83 2 38
83 3 69
83 4 64
83 5 50
83 6 13
83 7 41
83 8 56
83 9 33
83 10 52
83 11 22
83 12 9
83 13 40
83 14 33
83 15 83
83 16 60
83 17 39
83 18 62
83 19 49
83 20 44
84 1 66
84 2 59
84 3 85
84 4 55
84 5 76
84 6 32
84 7 45
84 8 51
84 9 20
84 10 78
84 11 21
84 12 35
84 13 62
84 14 50
84 15 102
84 16 77
84 17 62
84 18 88
84 19 73
84 20 54
85 1 36
85 2 40
85 3 71
85 4 94
85 5 26
85 6 39
85 7 66
85 8 85
85 9 61
85 10 32
85 11 49
85 12 29
85 13 16
85 14 27
85 15 79
85 16 60
85 17 12
85 18 26
85 19 35
85 20 62
86 1 27
86 2 32
86 3 24
86 4 86
86 5 35
86 6 59
86 7 60
86 8 77
86 9 103
86 10 28
86 11 92
86 12 62
86 13 76
86 14 84
86 15 21
86 16 20
86 17 71
86 18 62
86 19 25
86 20 48
87 1 46
87 2 47
87 3 80
87 4 89
87 5 41
87 6 34
87 7 64
87 8 81
87 9 45
87 10 47
87 11 33
87 12 22
87 13 14
87 14 13
87 15 90
87 16 69
87 17 13
87 18 41
87 19 47
87 20 63
88 1 61
88 2 69
88 3 91
88 4 130
88 5 41
88 6 77
88 7 101
88 8 121
88 9 98
88 10 47
88 11 86
88 12 68
88 13 42
88 14 58
88 15 92
88 16 82
88 17 40
88 18 14
88 19 53
88 20 95
89 1 36
89 2 26
89 3 40
89 4 38
89 5 54
89 6 25
89 7 9
89 8 29
89 9 64
89 10 51
89 11 56
89 12 36
89 13 70
89 14 68
89 15 57
89 16 34
89 17 67
89 18 79
89 19 45
89 20 7
90 1 19
90 2 27
90 3 53
90 4 89
90 5 6
90 6 40
90 7 60
90 8 80
90 9 75
90 10 11
90 11 63
90 12 35
90 13 37
90 14 47
90 15 59
90 16 42
90 17 33
90 18 30
90 19 14
90 20 52
91 1 25
91 2 35
91 3 53
91 4 99
91 5 8
91 6 53
91 7 69
91 8 89
91 9 89
91 10 9
91 11 77
91 12 49
91 13 48
91 14 60
91 15 54
91 16 43
91 17 43
91 18 29
91 19 16
91 20 61
92 1 50
92 2 56
92 3 84
92 4 113
92 5 33
92 6 58
92 7 85
92 8 104
92 9 76
92 10 40
92 11 64
92 12 48
92 13 20
92 14 36
92 15 89
92 16 73
92 17 18
92 18 12
92 19 45
92 20 80
93 1 66
93 2 59
93 3 85
93 4 56
93 5 75
93 6 32
93 7 45
93 8 51
93 9 19
93 10 77
93 11 19
93 12 34
93 13 61
93 14 49
93 15 101
93 16 77
93 17 61
93 18 87
93 19 73
93 20 54
94 1 52
94 2 49
94 3 81
94 4 78
94 5 53
94 6 27
94 7 56
94 8 71
94 9 29
94 10 57
94 11 17
94 12 18
94 13 30
94 14 19
94 15 94
94 16 71
94 17 30
94 18 58
94 19 55
94 20 59
95 1 33
95 2 25
95 3 55
95 4 54
95 5 45
95 6 2
95 7 28
95 8 46
95 9 46
95 10 45
95 11 36
95 12 13
95 13 49
95 14 45
95 15 69
95 16 45
95 17 46
95 18 64
95 19 40
95 20 29
96 1 33
96 2 38
96 3 68
96 4 96
96 5 20
96 6 42
96 7 67
96 8 86
96 9 67
96 10 27
96 11 55
96 12 33
96 13 22
96 14 34
96 15 74
96 16 57
96 17 17
96 18 22
96 19 30
96 20 62
97 1 27
97 2 29
97 3 61
97 4 82
97 5 24
97 6 28
97 7 54
97 8 73
97 9 57
97 10 28
97 11 45
97 12 20
97 13 26
97 14 32
97 15 71
97 16 50
97 17 22
97 18 36
97 19 28
97 20 50
98 1 25
98 2 33
98 3 57
98 4 96
98 5 5
98 6 48
98 7 67
98 8 87
98 9 81
98 10 12
98 11 69
98 12 42
98 13 38
98 14 51
98 15 60
98 16 47
98 17 34
98 18 24
98 19 18
98 20 59
99 1 21
99 2 16
99 3 48
99 4 64
99 5 32
99 6 14
99 7 35
99 8 54
99 9 56
99 10 32
99 11 45
99 12 16
99 13 44
99 14 45
99 15 61
99 16 38
99 17 40
99 18 53
99 19 27
99 20 31
100 1 25
100 2 35
100 3 56
100 4 98
100 5 6
100 6 51
100 7 69
100 8 89
100 9 85
100 10 11
100 11 73
100 12 46
100 13 43
100 14 55
100 15 58
100 16 46
100 17 38
100 18 25
100 19 17
100 20 61
101 1 59
101 2 66
101 3 93
101 4 123
101 5 41
101 6 68
101 7 95
101 8 114
101 9 83
101 10 48
101 11 72
101 12 57
101 13 27
101 14 42
101 15 96
101 16 82
101 17 26
101 18 14
101 19 53
101 20 90
102 1 34
102 2 37
102 3 16
102 4 82
102 5 45
102 6 64
102 7 59
102 8 74
102 9 107
102 10 38
102 11 97
102 12 68
102 13 85
102 14 93
102 15 10
102 16 18
102 17 81
102 18 73
102 19 34
102 20 47
103 1 41
103 2 40
103 3 6
103 4 69
103 5 57
103 6 63
103 7 50
103 8 62
103 9 106
103 10 51
103 11 97
103 12 70
103 13 93
103 14 98
103 15 15
103 16 17
103 17 89
103 18 86
103 19 45
103 20 38
104 1 29
104 2 38
104 3 42
104 4 99
104 5 25
104 6 63
104 7 71
104 8 90
104 9 103
104 10 19
104 11 91
104 12 62
104 13 66
104 14 78
104 15 38
104 16 36
104 17 62
104 18 47
104 19 22
104 20 60
105 1 62
105 2 52
105 3 61
105 4 15
105 5 80
105 6 41
105 7 17
105 8 8
105 9 63
105 10 77
105 11 60
105 12 52
105 13 88
105 14 82
105 15 78
105 16 58
105 17 86
105 18 103
105 19 71
105 20 29
106 1 13
106 2 9
106 3 43
106 4 67
106 5 26
106 6 21
106 7 38
106 8 57
106 9 63
106 10 25
106 11 52
106 12 23
106 13 46
106 14 49
106 15 54
106 16 32
106 17 42
106 18 50
106 19 20
106 20 31
107 1 33
107 2 38
107 3 68
107 4 94
107 5 22
107 6 39
107 7 65
107 8 85
107 9 64
107 10 28
107 11 52
107 12 30
107 13 20
107 14 31
107 15 75
107 16 57
107 17 16
107 18 25
107 19 31
107 20 61
108 1 59
108 2 55
108 3 88
108 4 79
108 5 61
108 6 32
108 7 59
108 8 72
108 9 22
108 10 64
108 11 10
108 12 24
108 13 35
108 14 21
108 15 101
108 16 77
108 17 36
108 18 64
108 19 63
108 20 63
109 1 38
109 2 45
109 3 72
109 4 105
109 5 21
109 6 51
109 7 76
109 8 95
109 9 76
109 10 28
109 11 64
109 12 43
109 13 25
109 14 40
109 15 77
109 16 62
109 17 21
109 18 12
109 19 33
109 20 70
110 1 32
110 2 31
110 3 3
110 4 68
110 5 49
110 6 55
110 7 46
110 8 60
110 9 99
110 10 42
110 11 89
110 12 62
110 13 84
110 14 90
110 15 17
110 16 9
110 17 80
110 18 78
110 19 36
110 20 34
111 1 73
111 2 71
111 3 103
111 4 93
111 5 72
111 6 48
111 7 75
111 8 87
111 9 25
111 10 76
111 11 20
111 12 40
111 13 37
111 14 21
111 15 116
111 16 93
111 17 40
111 18 69
111 19 76
111 20 80
112 1 23
112 2 23
112 3 56
112 4 76
112 5 25
112 6 22
112 7 47
112 8 67
112 9 56
112 10 28
112 11 44
112 12 16
112 13 32
112 14 36
112 15 67
112 16 45
112 17 28
112 18 41
112 19 26
112 20 44
113 1 35
113 2 34
113 3 4
113 4 71
113 5 50
113 6 59
113 7 49
113 8 63
113 9 103
113 10 43
113 11 93
113 12 65
113 13 87
113 14 92
113 15 14
113 16 12
113 17 83
113 18 79
113 19 38
113 20 37
114 1 36
114 2 40
114 3 71
114 4 94
114 5 26
114 6 39
114 7 66
114 8 85
114 9 61
114 10 32
114 11 49
114 12 29
114 13 16
114 14 27
114 15 79
114 16 60
114 17 12
114 18 26
114 19 35
114 20 62
115 1 66
115 2 57
115 3 78
115 4 39
115 5 79
115 6 34
115 7 34
115 8 35
115 9 36
115 10 79
115 11 36
115 12 41
115 13 74
115 14 63
115 15 95
115 16 72
115 17 73
115 18 96
115 19 74
115 20 45
116 1 39
116 2 33
116 3 19
116 4 48
116 5 59
116 6 48
116 7 29
116 8 40
116 9 89
116 10 54
116 11 81
116 12 57
116 13 87
116 14 89
116 15 36
116 16 21
116 17 83
116 18 88
116 19 47
116 20 18
117 1 70
117 2 69
117 3 103
117 4 99
117 5 66
117 6 50
117 7 79
117 8 93
117 9 35
117 10 71
117 11 28
117 12 40
117 13 28
117 14 13
117 15 114
117 16 92
117 17 31
117 18 60
117 19 72
117 20 82
118 1 32
118 2 35
118 3 67
118 4 89
118 5 23
118 6 35
118 7 61
118 8 80
118 9 60
118 10 29
118 11 48
118 12 25
118 13 21
118 14 30
118 15 75
118 16 55
118 17 16
118 18 29
118 19 30
118 20 57
119 1 86
119 2 82
119 3 114
119 4 93
119 5 87
119 6 57
119 7 80
119 8 88
119 9 18
119 10 91
119 11 23
119 12 51
119 13 54
119 14 38
119 15 127
119 16 104
119 17 57
119 18 86
119 19 90
119 20 86
120 1 60
120 2 60
120 3 94
120 4 97
120 5 55
120 6 44
120 7 74
120 8 89
120 9 40
120 10 61
120 11 30
120 12 33
120 13 18
120 14 2
120 15 104
120 16 83
120 17 21
120 18 50
120 19 61
120 20 75
121 1 33
121 2 26
121 3 55
121 4 55
121 5 45
121 6 1
121 7 29
121 8 47
121 9 45
121 10 45
121 11 36
121 12 12
121 13 48
121 14 44
121 15 70
121 16 46
121 17 45
121 18 63
121 19 40
121 20 30
122 1 33
122 2 25
122 3 21
122 4 48
122 5 53
122 6 40
122 7 24
122 8 39
122 9 82
122 10 48
122 11 74
122 12 49
122 13 79
122 14 81
122 15 39
122 16 18
122 17 75
122 18 81
122 19 41
122 20 13
123 1 16
123 2 9
123 3 41
123 4 61
123 5 32
123 6 19
123 7 32
123 8 52
123 9 62
123 10 30
123 11 52
123 12 23
123 13 50
123 14 52
123 15 54
123 16 30
123 17 47
123 18 56
123 19 24
123 20 26
124 1 14
124 2 21
124 3 27
124 4 80
124 5 25
124 6 48
124 7 52
124 8 71
124 9 90
124 10 18
124 11 79
124 12 49
124 13 64
124 14 72
124 15 31
124 16 18
124 17 59
124 18 54
124 19 13
124 20 41
125 1 56
125 2 47
125 3 52
125 4 17
125 5 75
125 6 40
125 7 12
125 8 8
125 9 68
125 10 72
125 11 64
125 12 52
125 13 88
125 14 83
125 15 70
125 16 50
125 17 85
125 18 100
125 19 65
125 20 22
126 1 28
126 2 32
126 3 22
126 4 85
126 5 37
126 6 60
126 7 59
126 8 76
126 9 103
126 10 30
126 11 92
126 12 62
126 13 77
126 14 85
126 15 19
126 16 18
126 17 73
126 18 64
126 19 26
126 20 47
127 1 76
127 2 73
127 3 106
127 4 95
127 5 74
127 6 51
127 7 78
127 8 89
127 9 25
127 10 79
127 11 21
127 12 43
127 13 39
127 14 24
127 15 119
127 16 96
127 17 42
127 18 71
127 19 79
127 20 82
128 1 32
128 2 36
128 3 18
128 4 84
128 5 43
128 6 63
128 7 59
128 8 75
128 9 106
128 10 36
128 11 96
128 12 66
128 13 83
128 14 91
128 15 13
128 16 18
128 17 78
128 18 70
128 19 32
128 20 47
129 1 50
129 2 40
129 3 53
129 4 26
129 5 68
129 6 30
129 7 8
129 8 17
129 9 58
129 10 65
129 11 53
129 12 41
129 13 77
129 14 72
129 15 71
129 16 49
129 17 74
129 18 91
129 19 59
129 20 20
130 1 62
130 2 69
130 3 95
130 4 126
130 5 43
130 6 71
130 7 98
130 8 117
130 9 87
130 10 50
130 11 76
130 12 61
130 13 30
130 14 46
130 15 98
130 16 85
130 17 30
130 18 15
130 19 56
130 20 93
131 1 17
131 2 16
131 3 49
131 4 71
131 5 24
131 6 21
131 7 43
131 8 62
131 9 60
131 10 25
131 11 48
131 12 19
131 13 39
131 14 43
131 15 60
131 16 38
131 17 35
131 18 45
131 19 22
131 20 38
132 1 51
132 2 44
132 3 71
132 4 51
132 5 62
132 6 17
132 7 34
132 8 44
132 9 31
132 10 63
132 11 24
132 12 22
132 13 55
132 14 46
132 15 87
132 16 62
132 17 54
132 18 77
132 19 59
132 20 40
133 1 34
133 2 24
133 3 36
133 4 40
133 5 53
133 6 27
133 7 11
133 8 30
133 9 67
133 10 50
133 11 60
133 12 38
133 13 71
133 14 70
133 15 53
133 16 31
133 17 68
133 18 79
133 19 43
133 20 4
134 1 66
134 2 57
134 3 79
134 4 40
134 5 79
134 6 34
134 7 35
134 8 36
134 9 35
134 10 79
134 11 35
134 12 41
134 13 73
134 14 63
134 15 96
134 16 72
134 17 72
134 18 95
134 19 74
134 20 45
135 1 59
135 2 58
135 3 91
135 4 90
135 5 57
135 6 39
135 7 68
135 8 83
135 9 33
135 10 62
135 11 22
135 12 29
135 13 24
135 14 9
135 15 103
135 16 80
135 17 26
135 18 55
135 19 62
135 20 70
136 1 34
136 2 39
136 3 24
136 4 89
136 5 42
136 6 66
136 7 64
136 8 80
136 9 109
136 10 35
136 11 98
136 12 69
136 13 83
136 14 92
136 15 16
136 16 23
136 17 78
136 18 68
136 19 32
136 20 52
137 1 14
137 2 9
137 3 42
137 4 65
137 5 28
137 6 21
137 7 36
137 8 56
137 9 63
137 10 26
137 11 52
137 12 23
137 13 47
137 14 50
137 15 54
137 16 31
137 17 43
137 18 52
137 19 21
137 20 30
138 1 36
138 2 40
138 3 22
138 4 89
138 5 45
138 6 67
138 7 64
138 8 80
138 9 111
138 10 38
138 11 100
138 12 71
138 13 85
138 14 94
138 15 13
138 16 23
138 17 81
138 18 71
138 19 35
138 20 52
139 1 73
139 2 71
139 3 103
139 4 93
139 5 72
139 6 48
139 7 75
139 8 87
139 9 25
139 10 76
139 11 20
139 12 40
139 13 37
139 14 21
139 15 116
139 16 93
139 17 40
139 18 69
139 19 76
139 20 80
140 1 20
140 2 27
140 3 55
140 4 88
140 5 10
140 6 38
140 7 59
140 8 79
140 9 71
140 10 15
140 11 59
140 12 32
140 13 34
140 14 44
140 15 61
140 16 44
140 17 30
140 18 29
140 19 17
140 20 52
141 1 31
141 2 40
141 3 56
141 4 104
141 5 14
141 6 59
141 7 75
141 8 95
141 9 95
141 10 15
141 11 82
141 12 55
141 13 51
141 14 64
141 15 55
141 16 47
141 17 47
141 18 29
141 19 22
141 20 66
142 1 36
142 2 30
142 3 14
142 4 53
142 5 55
142 6 48
142 7 32
142 8 45
142 9 91
142 10 49
142 11 82
142 12 57
142 13 85
142 14 87
142 15 31
142 16 16
142 17 81
142 18 84
142 19 42
142 20 21
143 1 11
143 2 18
143 3 29
143 4 79
143 5 23
143 6 45
143 7 51
143 8 70
143 9 87
143 10 16
143 11 76
143 12 47
143 13 61
143 14 69
143 15 34
143 16 19
143 17 57
143 18 52
143 19 11
143 20 40
144 1 71
144 2 67
144 3 97
144 4 77
144 5 75
144 6 40
144 7 63
144 8 72
144 9 7
144 10 78
144 11 6
144 12 36
144 13 49
144 14 34
144 15 112
144 16 88
144 17 50
144 18 79
144 19 76
144 20 69
145 1 39
145 2 32
145 3 59
145 4 50
145 5 52
145 6 7
145 7 26
145 8 42
145 9 42
145 10 52
145 11 34
145 12 17
145 13 53
145 14 48
145 15 74
145 16 50
145 17 51
145 18 70
145 19 47
145 20 30
146 1 45
146 2 54
146 3 74
146 4 117
146 5 25
146 6 67
146 7 88
146 8 108
146 9 95
146 10 30
146 11 83
146 12 60
146 13 43
146 14 59
146 15 74
146 16 64
146 17 40
146 18 13
146 19 37
146 20 80
147 1 55
147 2 57
147 3 90
147 4 100
147 5 48
147 6 45
147 7 75
147 8 92
147 9 49
147 10 54
147 11 38
147 12 34
147 13 8
147 14 8
147 15 99
147 16 79
147 17 11
147 18 40
147 19 55
147 20 75
148 1 29
148 2 29
148 3 62
148 4 80
148 5 28
148 6 25
148 7 52
148 8 71
148 9 54
148 10 31
148 11 41
148 12 16
148 13 26
148 14 30
148 15 72
148 16 51
148 17 23
148 18 39
148 19 30
148 20 49
149 1 49
149 2 54
149 3 84
149 4 108
149 5 34
149 6 53
149 7 81
149 8 100
149 9 69
149 10 41
149 11 57
149 12 42
149 13 13
149 14 29
149 15 90
149 16 73
149 17 11
149 18 19
149 19 45
149 20 77
150 1 71
150 2 66
150 3 98
150 4 79
150 5 74
150 6 41
150 7 64
150 8 74
150 9 10
150 10 77
150 11 7
150 12 36
150 13 47
150 14 32
150 15 112
150 16 88
150 17 48
150 18 77
150 19 75
150 20 70
151 1 55
151 2 45
151 3 52
151 4 19
151 5 74
151 6 39
151 7 11
151 8 9
151 9 67
151 10 71
151 11 63
151 12 51
151 13 86
151 14 82
151 15 69
151 16 49
151 17 84
151 18 98
151 19 64
151 20 21
152 1 52
152 2 50
152 3 83
152 4 81
152 5 52
152 6 30
152 7 59
152 8 74
152 9 31
152 10 57
152 11 19
152 12 20
152 13 27
152 14 15
152 15 95
152 16 73
152 17 27
152 18 55
152 19 55
152 20 61
153 1 84
153 2 81
153 3 112
153 4 92
153 5 85
153 6 55
153 7 79
153 8 87
153 9 17
153 10 90
153 11 21
153 12 49
153 13 53
153 14 37
153 15 126
153 16 102
153 17 56
153 18 85
153 19 88
153 20 85
154 1 29
154 2 32
154 3 16
154 4 80
154 5 41
154 6 59
154 7 55
154 8 71
154 9 103
154 10 34
154 11 92
154 12 63
154 13 80
154 14 88
154 15 15
154 16 14
154 17 76
154 18 69
154 19 30
154 20 43
155 1 41
155 2 43
155 3 15
155 4 82
155 5 53
155 6 69
155 7 60
155 8 74
155 9 113
155 10 46
155 11 103
155 12 74
155 13 93
155 14 100
155 15 3
155 16 21
155 17 88
155 18 81
155 19 42
155 20 48
156 1 23
156 2 14
156 3 37
156 4 51
156 5 42
156 6 20
156 7 22
156 8 42
156 9 64
156 10 39
156 11 54
156 12 29
156 13 60
156 14 60
156 15 52
156 16 28
156 17 57
156 18 67
156 19 32
156 20 15
157 1 44
157 2 49
157 3 79
157 4 103
157 5 31
157 6 47
157 7 75
157 8 94
157 9 65
157 10 38
157 11 54
157 12 37
157 13 12
157 14 27
157 15 86
157 16 68
157 17 9
157 18 21
157 19 41
157 20 71
158 1 62
158 2 53
158 3 54
158 4 13
158 5 82
158 6 48
158 7 19
158 8 6
158 9 76
158 10 78
158 11 72
158 12 60
158 13 96
158 14 91
158 15 71
158 16 53
158 17 93
158 18 107
158 19 71
158 20 27
159 1 17
159 2 20
159 3 52
159 4 78
159 5 19
159 6 27
159 7 49
159 8 69
159 9 63
159 10 21
159 11 51
159 12 22
159 13 35
159 14 41
159 15 61
159 16 41
159 17 31
159 18 39
159 19 19
159 20 43
160 1 46
160 2 38
160 3 32
160 4 35
160 5 66
160 6 45
160 7 19
160 8 27
160 9 83
160 10 62
160 11 76
160 12 56
160 13 89
160 14 88
160 15 49
160 16 32
160 17 85
160 18 94
160 19 54
160 20 14
161 1 47
161 2 51
161 3 82
161 4 104
161 5 34
161 6 49
161 7 77
161 8 96
161 9 65
161 10 41
161 11 53
161 12 38
161 13 10
161 14 25
161 15 89
161 16 71
161 17 7
161 18 22
161 19 44
161 20 74
162 1 51
162 2 42
162 3 63
162 4 37
162 5 66
162 6 21
162 7 21
162 8 30
162 9 43
162 10 65
162 11 38
162 12 31
162 13 66
162 14 59
162 15 80
162 16 56
162 17 65
162 18 85
162 19 59
162 20 30
163 1 11
163 2 15
163 3 46
163 4 75
163 5 18
163 6 28
163 7 46
163 8 66
163 9 67
163 10 18
163 11 55
163 12 26
163 13 41
163 14 47
163 15 55
163 16 35
163 17 37
163 18 42
163 19 14
163 20 39
164 1 16
164 2 16
164 3 49
164 4 73
164 5 22
164 6 23
164 7 44
164 8 64
164 9 62
164 10 23
164 11 50
164 12 21
164 13 39
164 14 43
164 15 59
164 16 38
164 17 35
164 18 44
164 19 20
164 20 38
165 1 33
165 2 42
165 3 56
165 4 107
165 5 17
165 6 62
165 7 77
165 8 97
165 9 98
165 10 17
165 11 86
165 12 58
165 13 54
165 14 67
165 15 55
165 16 48
165 17 50
165 18 30
165 19 24
165 20 68
166 1 35
166 2 32
166 3 65
166 4 70
166 5 40
166 6 15
166 7 45
166 8 62
166 9 42
166 10 42
166 11 30
166 12 4
166 13 32
166 14 29
166 15 78
166 16 55
166 17 30
166 18 51
166 19 40
166 20 45
167 1 75
167 2 71
167 3 102
167 4 83
167 5 77
167 6 45
167 7 69
167 8 78
167 9 11
167 10 81
167 11 11
167 12 40
167 13 48
167 14 33
167 15 116
167 16 92
167 17 50
167 18 79
167 19 79
167 20 75
168 1 44
168 2 43
168 3 76
168 4 83
168 5 42
168 6 28
168 7 58
168 8 75
168 9 41
168 10 47
168 11 29
168 12 16
168 13 21
168 14 16
168 15 87
168 16 65
168 17 19
168 18 46
168 19 46
168 20 58
169 1 51
169 2 56
169 3 86
169 4 109
169 5 37
169 6 53
169 7 81
169 8 100
169 9 67
169 10 44
169 11 56
169 12 42
169 13 11
169 14 27
169 15 92
169 16 75
169 17 10
169 18 21
169 19 48
169 20 78
170 1 47
170 2 48
170 3 20
170 4 86
170 5 58
170 6 74
170 7 65
170 8 79
170 9 118
170 10 51
170 11 108
170 12 80
170 13 98
170 14 105
170 15 3
170 16 27
170 17 93
170 18 85
170 19 47
170 20 53
171 1 55
171 2 59
171 3 90
171 4 111
171 5 41
171 6 55
171 7 84
171 8 102
171 9 66
171 10 48
171 11 55
171 12 44
171 13 10
171 14 25
171 15 97
171 16 79
171 17 11
171 18 25
171 19 52
171 20 81
172 1 44
172 2 41
172 3 74
172 4 74
172 5 46
172 6 21
172 7 51
172 8 66
172 9 35
172 10 50
172 11 23
172 12 10
172 13 30
172 14 23
172 15 86
172 16 63
172 17 29
172 18 54
172 19 48
172 20 52
173 1 33
173 2 36
173 3 68
173 4 88
173 5 26
173 6 33
173 7 61
173 8 79
173 9 57
173 10 32
173 11 45
173 12 23
173 13 19
173 14 27
173 15 77
173 16 57
173 17 15
173 18 31
173 19 33
173 20 57
174 1 44
174 2 46
174 3 79
174 4 91
174 5 38
174 6 36
174 7 65
174 8 83
174 9 49
174 10 44
174 11 37
174 12 24
174 13 12
174 14 15
174 15 88
174 16 67
174 17 10
174 18 37
174 19 45
174 20 64
175 1 61
175 2 51
175 3 65
175 4 23
175 5 77
175 6 35
175 7 20
175 8 17
175 9 53
175 10 76
175 11 51
175 12 46
175 13 82
175 14 74
175 15 83
175 16 61
175 17 80
175 18 99
175 19 70
175 20 32
176 1 32
176 2 37
176 3 67
176 4 93
176 5 21
176 6 39
176 7 64
176 8 84
176 9 64
176 10 27
176 11 52
176 12 30
176 13 21
176 14 32
176 15 74
176 16 56
176 17 17
176 18 25
176 19 30
176 20 60
177 1 32
177 2 34
177 3 13
177 4 78
177 5 45
177 6 60
177 7 55
177 8 70
177 9 104
177 10 38
177 11 94
177 12 65
177 13 84
177 14 91
177 15 12
177 16 14
177 17 79
177 18 73
177 19 34
177 20 43
178 1 40
178 2 30
178 3 35
178 4 35
178 5 59
178 6 34
178 7 10
178 8 26
178 9 72
178 10 56
178 11 65
178 12 45
178 13 79
178 14 77
178 15 53
178 16 32
178 17 75
178 18 86
178 19 49
178 20 4
179 1 47
179 2 38
179 3 38
179 4 29
179 5 67
179 6 41
179 7 13
179 8 21
179 9 77
179 10 63
179 11 71
179 12 52
179 13 86
179 14 84
179 15 55
179 16 37
179 17 83
179 18 94
179 19 56
179 20 12
180 1 55
180 2 46
180 3 44
180 4 23
180 5 75
180 6 47
180 7 17
180 8 16
180 9 79
180 10 71
180 11 74
180 12 58
180 13 93
180 14 90
180 15 61
180 16 44
180 17 90
180 18 101
180 19 64
180 20 20
181 1 34
181 2 24
181 3 35
181 4 40
181 5 53
181 6 28
181 7 12
181 8 31
181 9 69
181 10 50
181 11 61
181 12 39
181 13 72
181 14 71
181 15 52
181 16 29
181 17 69
181 18 79
181 19 43
181 20 3
182 1 68
182 2 58
182 3 67
182 4 11
182 5 86
182 6 46
182 7 24
182 8 9
182 9 64
182 10 84
182 11 63
182 12 57
182 13 93
182 14 86
182 15 84
182 16 64
182 17 91
182 18 109
182 19 77
182 20 35
183 1 43
183 2 41
183 3 74
183 4 78
183 5 43
183 6 24
183 7 53
183 8 70
183 9 38
183 10 47
183 11 26
183 12 12
183 13 25
183 14 20
183 15 86
183 16 63
183 17 24
183 18 49
183 19 46
183 20 54
184 1 63
184 2 62
184 3 95
184 4 91
184 5 61
184 6 41
184 7 70
184 8 84
184 9 30
184 10 66
184 11 21
184 12 32
184 13 28
184 14 12
184 15 107
184 16 84
184 17 30
184 18 59
184 19 66
184 20 73
185 1 51
185 2 50
185 3 83
185 4 85
185 5 50
185 6 32
185 7 62
185 8 77
185 9 35
185 10 54
185 11 24
185 12 21
185 13 22
185 14 12
185 15 95
185 16 72
185 17 23
185 18 51
185 19 54
185 20 63
186 1 58
186 2 59
186 3 92
186 4 100
186 5 51
186 6 46
186 7 76
186 8 92
186 9 47
186 10 57
186 11 37
186 12 35
186 13 11
186 14 5
186 15 102
186 16 81
186 17 15
186 18 43
186 19 58
186 20 76
187 1 51
187 2 53
187 3 86
187 4 97
187 5 44
187 6 42
187 7 71
187 8 89
187 9 49
187 10 50
187 11 38
187 12 30
187 13 8
187 14 10
187 15 95
187 16 74
187 17 9
187 18 38
187 19 51
187 20 71
188 1 11
188 2 6
188 3 28
188 4 64
188 5 31
188 6 32
188 7 36
188 8 55
188 9 76
188 10 26
188 11 66
188 12 37
188 13 60
188 14 65
188 15 40
188 16 17
188 17 56
188 18 59
188 19 19
188 20 26
189 1 40
189 2 49
189 3 70
189 4 112
189 5 20
189 6 62
189 7 83
189 8 103
189 9 91
189 10 25
189 11 79
189 12 55
189 13 41
189 14 56
189 15 70
189 16 60
189 17 38
189 18 14
189 19 32
189 20 75
190 1 40
190 2 31
190 3 54
190 4 42
190 5 55
190 6 14
190 7 17
190 8 33
190 9 49
190 10 54
190 11 41
190 12 25
190 13 61
190 14 57
190 15 70
190 16 46
190 17 59
190 18 76
190 19 49
190 20 22
191 1 14
191 2 17
191 3 49
191 4 77
191 5 17
191 6 28
191 7 48
191 8 68
191 9 66
191 10 18
191 11 54
191 12 25
191 13 38
191 14 45
191 15 58
191 16 37
191 17 34
191 18 40
191 19 16
191 20 42
192 1 30
192 2 31
192 3 12
192 4 77
192 5 43
192 6 58
192 7 52
192 8 68
192 9 102
192 10 36
192 11 91
192 12 62
192 13 81
192 14 88
192 15 14
192 16 11
192 17 77
192 18 71
192 19 31
192 20 40
193 1 57
193 2 53
193 3 85
193 4 74
193 5 60
193 6 29
193 7 55
193 8 68
193 9 21
193 10 64
193 11 9
193 12 22
193 13 38
193 14 25
193 15 98
193 16 75
193 17 38
193 18 66
193 19 61
193 20 59
194 1 6
194 2 10
194 3 29
194 4 72
194 5 25
194 6 37
194 7 43
194 8 63
194 9 80
194 10 19
194 11 69
194 12 40
194 13 58
194 14 64
194 15 38
194 16 18
194 17 54
194 18 53
194 19 12
194 20 33
195 1 69
195 2 66
195 3 98
195 4 84
195 5 71
195 6 42
195 7 67
195 8 78
195 9 16
195 10 75
195 11 10
195 12 35
195 13 41
195 14 26
195 15 111
195 16 88
195 17 43
195 18 72
195 19 73
195 20 72
196 1 14
196 2 5
196 3 36
196 4 60
196 5 32
196 6 22
196 7 31
196 8 51
196 9 66
196 10 30
196 11 56
196 12 27
196 13 54
196 14 57
196 15 50
196 16 26
196 17 50
196 18 58
196 19 23
196 20 24
197 1 64
197 2 55
197 3 76
197 4 38
197 5 77
197 6 32
197 7 32
197 8 34
197 9 37
197 10 77
197 11 36
197 12 40
197 13 73
197 14 63
197 15 93
197 16 70
197 17 72
197 18 94
197 19 72
197 20 43
198 1 56
198 2 47
198 3 55
198 4 18
198 5 75
198 6 38
198 7 12
198 8 9
198 9 64
198 10 72
198 11 60
198 12 49
198 13 85
198 14 80
198 15 73
198 16 52
198 17 82
198 18 98
198 19 65
198 20 23
199 1 58
199 2 54
199 3 85
199 4 73
199 5 62
199 6 29
199 7 54
199 8 67
199 9 19
199 10 65
199 11 7
199 12 23
199 13 40
199 14 27
199 15 99
199 16 75
199 17 40
199 18 68
199 19 63
199 20 59
200 1 50
200 2 42
200 3 65
200 4 42
200 5 63
200 6 18
200 7 25
200 8 36
200 9 38
200 10 63
200 11 33
200 12 27
200 13 62
200 14 54
200 15 82
200 16 58
200 17 60
200 18 81
200 19 58
200 20 33

## SOLUÇÃO ENCONTRADA
# Custo total = 4032.00
# Facilidades abertas: [1, 5, 6, 8, 11, 14, 15, 17, 18, 20]
# Facility 1 -> clientes: [3, 11, 26, 31, 40, 44, 56, 73, 77, 106, 123, 124, 131, 137, 143, 159, 163, 164, 188, 191, 194, 196]
# Facility 5 -> clientes: [5, 10, 13, 34, 51, 54, 66, 69, 70, 90, 91, 96, 97, 98, 100, 104, 140, 141, 165]
# Facility 6 -> clientes: [16, 21, 32, 33, 38, 57, 83, 95, 99, 112, 121, 132, 134, 145, 148, 162, 166, 172, 190, 197, 200]
# Facility 8 -> clientes: [18, 19, 22, 25, 28, 37, 60, 61, 68, 71, 75, 81, 105, 115, 125, 129, 151, 158, 175, 180, 182, 198]
# Facility 11 -> clientes: [6, 9, 14, 15, 27, 46, 49, 50, 52, 63, 80, 82, 84, 93, 94, 108, 111, 119, 127, 144, 150, 153, 167, 193, 195, 199]
# Facility 14 -> clientes: [36, 62, 76, 87, 117, 120, 135, 139, 147, 152, 168, 183, 184, 185, 186]
# Facility 15 -> clientes: [2, 4, 17, 20, 35, 39, 53, 59, 65, 86, 102, 103, 110, 113, 126, 128, 136, 138, 154, 155, 170, 177, 192]
# Facility 17 -> clientes: [1, 41, 45, 64, 67, 72, 85, 107, 114, 118, 149, 157, 161, 169, 171, 173, 174, 176, 187]
# Facility 18 -> clientes: [7, 8, 24, 29, 48, 58, 78, 88, 92, 101, 109, 130, 146, 189]
# Facility 20 -> clientes: [12, 23, 30, 42, 43, 47, 55, 74, 79, 89, 116, 122, 133, 142, 156, 160, 178, 179, 181]
